3
6
35
60
80
105
129
146
177
196
206
220
238
246
276
295
317
342
367
382
410
427
446
456
470
483
500
512
527
553
573
591
608
623
647
665
673
687
705
715
729
741
763
781
808
831
859
872
888
898
912
925
940
952
974
984
1002
1033
1045
1069
1099
1109
1145
1175
1185
1230
1253
1286
1332
1342
1378
1396
1408
1420
1428
1436
1444
1457
1469
1481
1489
1499
1507
1515
1523
1531
1536
1544
1552
1565
1587
1609
1617
1624
1637
1650
1663
1673
1683
1703
1711
1727
1757
1783
1804
1829
1851
1859
1872
1890
1905
1920
1933
1938
1950
