_ 
0
0
_a
2
4
60
4
14
70
40
70
52
58
52
0
52
36
6
12
36
0
24
0
12
12
0
37
0
52
15
0
_b
2
0
105
1
0
0
0
52
7
20
70
39
70
57
52
57
18
39
0
20
0
0
18
0
_c
1
55
56
7
41
70
18
70
0
52
0
18
18
0
41
0
55
14
0
_d
2
57
105
1
57
0
57
52
7
37
70
18
70
0
52
0
18
18
0
37
0
57
18
0
_e
1
0
35
9
57
35
57
52
39
70
18
70
0
52
0
18
18
0
42
0
53
10
0
_f
2
34
105
3
24
105
14
95
14
0
0
70
1
32.5
70
0
_g
2
57
70
4
57
-18
43
-32
14
-32
4
-22
57
52
7
37
70
18
70
0
52
0
18
18
0
37
0
57
18
0
_h
2
0
105
1
0
0
0
52
4
20
70
40
70
57
53
57
0
0
_i
1
0
70
1
0
0
1
0
103
_j
1
0
70
3
0
-24.5
-7.5
-32
-15
-32
1
0
103
_k
3
0
105
1
0
0
45
70
1
0
25
12.5
37.5
1
47
0
0
_l
1
0
105
1
0
0
0
_m
3
0
70
1
0
0
0
56
4
18
70
34
70
48
56
48
0
48
56
4
64
70
82
70
96
56
96
0
0
_n
2
0
70
1
0
0
0
52
4
20
70
38
70
55
53
55
0
0
_o
1
18
70
8
42
70
60
52
60
18
42
0
18
0
0
18
0
52
18
70
0
_p
2
0
70
1
0
-29
0
52
7
20
70
39
70
57
52
57
18
39
0
20
0
0
18
0
_q
2
57
70
1
57
-29
57
52
7
37
70
18
70
0
52
0
18
18
0
37
0
57
18
0
_r
2
0
70
1
0
0
0
55
2
17
70
32
70
0
_s
1
49
60
11
39
70
11
70
1
60
1
45
10
35
39
35
49
25
49
10
39
0
10
0
0
10
0
_t
2
14
91
3
14
8
22
0
31
0
0
70
1
32
70
0
_u
2
54
70
1
54
0
0
70
4
0
16
16
0
34
0
54
18
0
_v
1
0
70
2
28
0
56
70
0
_w
1
0
70
4
23
0
46
70
69
0
92
70
0
_x
2
0
70
1
54
0
54
70
1
0
0
0
_y
2
59
70
3
21.4
-22
12.4
-32
5.4
-32
0
70
1
31
0
0
_z
1
0
70
3
55
70
0
0
55
0
0
_A
2
0
0
2
38.5
100
77
0
11.165
29
1
65.835
29
0
_B
1
0
52
10
49
52
69
35
69
15
54
0
0
0
0
100
49
100
64
85
64
67
49
52
0
_C
1
76
80
7
56
100
25
100
0
75
0
25
25
0
56
0
76
20
0
_D
1
0
100
6
51
100
76
75
76
25
51
0
0
0
0
100
0
_E
2
60
100
3
0
100
0
0
60
0
0
51
1
57
51
0
_F
2
59
100
2
0
100
0
0
0
49
1
55
49
0
_G
1
80
80
9
60
100
25
100
0
75
0
25
25
0
58
0
80
22
80
46
47
46
0
_H
3
0
100
1
0
0
75
100
1
75
0
0
51
1
75
51
0
_I
1
0
100
1
0
0
0
_J
1
50
100
4
50
15
35
0
15
0
0
15
0
_K
3
0
100
1
0
0
64
100
1
0
36
18.5
54.5
1
66
0
0
_L
1
0
100
2
0
0
60
0
0
_M
1
0
0
4
0
100
46
0
92
100
92
0
0
_N
1
0
0
3
0
100
75
0
75
100
0
_O
1
25
100
8
59
100
84
75
84
25
59
0
25
0
0
25
0
75
25
100
0
_P
1
0
0
6
0
100
48
100
65
83
65
59
48
42
0
42
0
_Q
2
25
100
8
59
100
84
75
84
25
59
0
25
0
0
25
0
75
25
100
54
22
1
80
-10
0
_R
2
0
0
6
0
100
50
100
66
84
66
63
46
46
0
46
46
46
1
68
0
0
_S
1
64
85
11
49
100
17
100
2
85
2
66
17
51
50
51
65
36
65
15
50
0
15
0
0
15
0
_T
2
0
100
1
70
100
35
100
1
35
0
0
_U
1
0
100
5
0
22
22
0
52
0
74
22
74
100
0
_V
1
0
100
2
38
0
76
100
0
_W
1
0
100
4
27
0
54
100
81
0
108
100
0
_X
2
0
100
1
74
0
74
100
1
0
0
0
_Y
2
0
100
2
37
46
74
100
37
46
1
37
0
0
_Z
1
1
100
3
70
100
0
0
71
0
0
_0
1
18
100
8
44
100
62
82
62
18
44
0
18
0
0
18
0
82
18
100
0
_1
1
0
80
2
30
100
30
0
0
_2
1
0
83
6
17
100
43
100
60
83
60
60
0
0
60
0
0
_3
2
2
85
5
17
100
44
100
59
85
59
66
44
51
23
51
6
44
51
62
35
62
15
47
0
15
0
0
15
0
_4
1
54
0
3
54
100
0
25
70
25
0
_5
1
56
100
9
6.25
100
2
49
22
61
43
61
61
43
61
18
43
0
18
0
0
18
0
_6
1
62
86
12
48
100
25
100
10
90
0
64
0
23
18
0
46
0
64
18
64
42
46
60
20
60
0
42
0
_7
1
0
100
2
62
100
12
0
0
_8
1
46
52
15
59.5
66
59.5
86
45.5
100
17.5
100
3.5
86
3.5
66
17
52
46
52
63
37
63
15
48
0
15
0
0
15
0
37
17
52
0
_9
1
2
14
12
16
0
39
0
54
10
64
34
64
77
46
100
18
100
0
82
0
58
18
40
44
40
64
58
0
_!
1
0
100
1
0
33
1
0
0
_@
2
73
51
7
59
63
44
63
32
51
32
24
44
12
63
12
73
22
73
63
11
73
22
83
12
96
12
106
22
106
64
75
95
31
95
0
64
0
11
31
-20
76
-20
0
_#
4
32
100
1
12
0
68
100
1
48
0
8
70
1
80
70
0
30
1
72
30
0
_$
2
63
85
11
48
100
16
100
1
85
1
66
16
51
48
51
63
36
63
15
48
0
15
0
0
15
32
113
1
32
-13
0
_%
3
11
0
1
85
100
10
100
8
24
100
34
90
34
70
24
60
10
60
0
70
0
90
10
100
72
40
8
86
40
96
30
96
10
86
0
72
0
62
10
62
30
72
40
0
_^
1
0
56
2
23
100
46
56
0
_&
1
82
0
15
12
70
12
88
24
100
42
100
54
88
54
71
44
61
12
48
0
36
0
15
15
0
40
0
55
6
74
30
77.5
51
0
_*
3
21.6506350946
100
1
21.6506350946
50
0
87.5
1
43.3012701892
62.5
0
62.5
1
43.3012701892
87.5
0
_(
1
18
100
3
0
68
0
7
18
-24
0
_)
1
0
100
3
18
68
18
7
0
-24
0
_-
1
0
36
1
38
36
0
_–
1
0
36
1
60
36
0
_—
1
0
36
1
120
36
0
_=
2
0
50.5
1
62
50.5
0
21.5
1
62
21.5
0
_[
1
22
100
3
0
100
0
-20
22
-20
0
_]
1
0
100
3
22
100
22
-20
0
-20
0
_\
1
0
100
1
31.5
-26
0
_;
1
0
5
1
-6
-20
1
0
60
_'
1
0
100
1
0
70
0
_‘
1
0
100
1
7.5
70
0
_’
1
7.5
100
1
0
70
0
_,
1
0
5
1
-6
-20
0
_.
0
1
0
0
_/
1
0
-26
1
31.5
100
0
__
1
0
-20
1
64
-20
0
_+
2
32
68
1
32
4
0
36
1
64
36
0
_{
1
33
106
8
23
106
13
96
13
52
0
39
13
26
13
-18
23
-28
33
-28
0
_}
1
0
106
8
10
106
20
96
20
52
33
39
20
26
20
-18
10
-28
0
-28
0
_|
1
0
100
1
0
-26
0
_:
0
2
0
60
0
0
_"
2
0
100
1
0
70
27
100
1
27
70
0
_“
2
0
100
1
7.5
70
28
100
1
35.5
70
0
_”
2
7.5
100
1
0
70
35.5
100
1
28
70
0
_<
1
60
74
2
0
38
60
2
0
_>
1
0
74
2
60
38
0
2
0
_?
1
0
84
6
16
100
40
100
56
84
56
60
26
41
26
31
1
26
0
_`
1
0
113
1
20
90
0
_~
1
0
40
5
8
54
20
54
40
38
52
38
60
52
0
_¢
3
58
71
7
44
85
18
85
0
67
0
33
18
15
44
15
58
29
31
100
1
31
85
31
15
1
31
0
0
_€
3
70
100
5
40
100
15
75
15
25
40
0
70
0
0
62
1
59
62
0
38
1
59
38
0
_£
2
67
100
5
34
100
13
79
24
22
0
0
70
0
0
50
1
59
50
0
_¥
4
0
100
2
37
46
74
100
37
46
1
37
0
15
42
1
59
42
15
20
1
59
20
0
_°
1
11
100
8
27
100
38
89
38
73
27
62
11
62
0
73
0
89
11
100
0
_′
1
7.5
100
1
0
70
0
_″
2
7.5
100
1
0
70
35.5
100
1
28
70
0
_≠
3
0
50.5
1
62
50.5
0
21.5
1
62
21.5
18
3
1
44
67
0
_≤
2
0
10
1
60
10
60
74
2
0
53
60
32
0
_≥
2
0
10
1
60
10
0
74
2
60
53
0
32
0
_×
2
0
60
1
48
12
48
60
1
0
12
0
_⋅
0
1
5
36
_÷
1
0
36
1
60
36
2
30
62
30
10
_±
3
0
10
1
60
10
0
48
1
60
48
30
67
1
30
29
0
